Ni,Ni - Nav,Ni-Nav/sig,Ni-Nav/sig rounded
1398,-42.62,1360.04,661.0
1452,11.38,1414.04,688.0
1427,-13.62,1389.04,675.5
1451,10.38,1413.04,687.5
1505,64.38,1467.04,714.5
1374,-66.62,1336.04,649.0
1421,-19.62,1383.04,672.5
1424,-16.62,1386.04,674.0
1433,-7.62,1395.04,678.5
1454,13.38,1416.04,689.0
1483,42.38,1445.04,703.5
1430,-10.62,1392.04,677.0
1412,-28.62,1374.04,668.0
1450,9.38,1412.04,687.0
1452,11.38,1414.04,688.0
1390,-50.62,1352.04,657.0
1414,-26.62,1376.04,669.0
1486,45.38,1448.04,705.0
1414,-26.62,1376.04,669.0
1435,-5.62,1397.04,679.5
1427,-13.62,1389.04,675.5
1471,30.38,1433.04,697.5
1379,-61.62,1341.04,651.5
1406,-34.62,1368.04,665.0
1456,15.38,1418.04,690.0
1426,-14.62,1388.04,675.0
1412,-28.62,1374.04,668.0
1423,-17.62,1385.04,673.5
1466,25.38,1428.04,695.0
1486,45.38,1448.04,705.0
1461,20.38,1423.04,692.5
1475,34.38,1437.04,699.5
1432,-8.62,1394.04,678.0
1429,-11.62,1391.04,676.5
1489,48.38,1451.04,706.5
1445,4.38,1407.04,684.5
1491,50.38,1453.04,707.5
1509,68.38,1471.04,716.5
1449,8.38,1411.04,686.5
1442,1.38,1404.04,683.0
1468,27.38,1430.04,696.0
1474,33.38,1436.04,699.0
1442,1.38,1404.04,683.0
1419,-21.62,1381.04,671.5
1385,-55.62,1347.04,654.5
1479,38.38,1441.04,701.5
1447,6.38,1409.04,685.5
1476,35.38,1438.04,700.0
1403,-37.62,1365.04,663.5
1453,12.38,1415.04,688.5
1438,-2.62,1400.04,681.0
1409,-31.62,1371.04,666.5
1488,47.38,1450.04,706.0
1459,18.38,1421.04,691.5
1434,-6.62,1396.04,679.0
1421,-19.62,1383.04,672.5
1455,14.38,1417.04,689.5
1491,50.38,1453.04,707.5
1422,-18.62,1384.04,673.0
1467,26.38,1429.04,695.5
1515,74.38,1477.04,719.5
1492,51.38,1454.04,708.0
1435,-5.62,1397.04,679.5
1464,23.38,1426.04,694.0
1436,-4.62,1398.04,680.0
1443,2.38,1405.04,683.5
1441,0.38,1403.04,682.5
1520,79.38,1482.04,722.0
1456,15.38,1418.04,690.0
1434,-6.62,1396.04,679.0
1409,-31.62,1371.04,666.5
1427,-13.62,1389.04,675.5
1479,38.38,1441.04,701.5
1408,-32.62,1370.04,666.0
1464,23.38,1426.04,694.0
1462,21.38,1424.04,693.0
1407,-33.62,1369.04,665.5
1453,12.38,1415.04,688.5
1439,-1.62,1401.04,681.5
1357,-83.62,1319.04,640.5
1409,-31.62,1371.04,666.5
1538,97.38,1500.04,731.0
1443,2.38,1405.04,683.5
1426,-14.62,1388.04,675.0
1438,-2.62,1400.04,681.0
1407,-33.62,1369.04,665.5
1438,-2.62,1400.04,681.0
1424,-16.62,1386.04,674.0
1416,-24.62,1378.04,670.0
1468,27.38,1430.04,696.0
1468,27.38,1430.04,696.0
1419,-21.62,1381.04,671.5
1450,9.38,1412.04,687.0
1468,27.38,1430.04,696.0
1440,-0.62,1402.04,682.0
1490,49.38,1452.04,707.0
1401,-39.62,1363.04,662.5
1354,-86.62,1316.04,639.0
1463,22.38,1425.04,693.5
1462,21.38,1424.04,693.0
1344,-96.62,1306.04,634.0
1448,7.38,1410.04,686.0
1428,-12.62,1390.04,676.0
1420,-20.62,1382.04,672.0
1470,29.38,1432.04,697.0
1404,-36.62,1366.04,664.0
1484,43.38,1446.04,704.0
1408,-32.62,1370.04,666.0
1457,16.38,1419.04,690.5
1409,-31.62,1371.04,666.5
1375,-65.62,1337.04,649.5
1442,1.38,1404.04,683.0
1418,-22.62,1380.04,671.0
1443,2.38,1405.04,683.5
1461,20.38,1423.04,692.5
1433,-7.62,1395.04,678.5
1428,-12.62,1390.04,676.0
1448,7.38,1410.04,686.0
1388,-52.62,1350.04,656.0
1415,-25.62,1377.04,669.5
1419,-21.62,1381.04,671.5
1467,26.38,1429.04,695.5
1361,-79.62,1323.04,642.5
1413,-27.62,1375.04,668.5
1452,11.38,1414.04,688.0
1418,-22.62,1380.04,671.0
1488,47.38,1450.04,706.0
1447,6.38,1409.04,685.5
1412,-28.62,1374.04,668.0
1445,4.38,1407.04,684.5
1435,-5.62,1397.04,679.5
1465,24.38,1427.04,694.5
1452,11.38,1414.04,688.0
1460,19.38,1422.04,692.0
1448,7.38,1410.04,686.0
1420,-20.62,1382.04,672.0
1377,-63.62,1339.04,650.5
1452,11.38,1414.04,688.0
1443,2.38,1405.04,683.5
1436,-4.62,1398.04,680.0
1440,-0.62,1402.04,682.0
1520,79.38,1482.04,722.0
1435,-5.62,1397.04,679.5
1439,-1.62,1401.04,681.5
1436,-4.62,1398.04,680.0
1484,43.38,1446.04,704.0
1389,-51.62,1351.04,656.5
1407,-33.62,1369.04,665.5
1458,17.38,1420.04,691.0
1416,-24.62,1378.04,670.0
1412,-28.62,1374.04,668.0
1461,20.38,1423.04,692.5
1435,-5.62,1397.04,679.5
1467,26.38,1429.04,695.5
1422,-18.62,1384.04,673.0
1421,-19.62,1383.04,672.5
1455,14.38,1417.04,689.5
1433,-7.62,1395.04,678.5
1459,18.38,1421.04,691.5
1460,19.38,1422.04,692.0
1419,-21.62,1381.04,671.5
1450,9.38,1412.04,687.0
1403,-37.62,1365.04,663.5
1418,-22.62,1380.04,671.0
1500,59.38,1462.04,712.0
1484,43.38,1446.04,704.0
1422,-18.62,1384.04,673.0
1450,9.38,1412.04,687.0
1411,-29.62,1373.04,667.5
1444,3.38,1406.04,684.0
1446,5.38,1408.04,685.0
1388,-52.62,1350.04,656.0
1443,2.38,1405.04,683.5
1413,-27.62,1375.04,668.5
1479,38.38,1441.04,701.5
1439,-1.62,1401.04,681.5
1400,-40.62,1362.04,662.0
1430,-10.62,1392.04,677.0
1458,17.38,1420.04,691.0
1531,90.38,1493.04,727.5
1434,-6.62,1396.04,679.0
1466,25.38,1428.04,695.0
1446,5.38,1408.04,685.0
1395,-45.62,1357.04,659.5
1421,-19.62,1383.04,672.5
1422,-18.62,1384.04,673.0
1442,1.38,1404.04,683.0
1442,1.38,1404.04,683.0
1463,22.38,1425.04,693.5
1434,-6.62,1396.04,679.0
1441,0.38,1403.04,682.5
1478,37.38,1440.04,701.0
1489,48.38,1451.04,706.5
1474,33.38,1436.04,699.0
1415,-25.62,1377.04,669.5
1433,-7.62,1395.04,678.5
1395,-45.62,1357.04,659.5
1406,-34.62,1368.04,665.0
1473,32.38,1435.04,698.5
1473,32.38,1435.04,698.5
1999999999989,1339.04,650.5
1452,11.38000000000011,1414.04,688.0
1443,2.380000000000109,1405.04,683.5
1436,-4.619999999999891,1398.04,680.0
1440,-0.6199999999998909,1402.04,682.0
1520,79.38000000000011,1482.04,722.0
1435,-5.619999999999891,1397.04,679.5
1439,-1.6199999999998909,1401.04,681.5
1436,-4.619999999999891,1398.04,680.0
1484,43.38000000000011,1446.04,704.0
1389,-51.61999999999989,1351.04,656.5
1407,-33.61999999999989,1369.04,665.5
1458,17.38000000000011,1420.04,691.0
1416,-24.61999999999989,1378.04,670.0
1412,-28.61999999999989,1374.04,668.0
1461,20.38000000000011,1423.04,692.5
1435,-5.619999999999891,1397.04,679.5
1467,26.38000000000011,1429.04,695.5
1422,-18.61999999999989,1384.04,673.0
1421,-19.61999999999989,1383.04,672.5
1455,14.38000000000011,1417.04,689.5
1433,-7.619999999999891,1395.04,678.5
1459,18.38000000000011,1421.04,691.5
1460,19.38000000000011,1422.04,692.0
1419,-21.61999999999989,1381.04,671.5
1450,9.38000000000011,1412.04,687.0
1403,-37.61999999999989,1365.04,663.5
1418,-22.61999999999989,1380.04,671.0
1500,59.38000000000011,1462.04,712.0
1484,43.38000000000011,1446.04,704.0
1422,-18.61999999999989,1384.04,673.0
1450,9.38000000000011,1412.04,687.0
1411,-29.61999999999989,1373.04,667.5
1444,3.380000000000109,1406.04,684.0
1446,5.380000000000109,1408.04,685.0
1388,-52.61999999999989,1350.04,656.0
1443,2.380000000000109,1405.04,683.5
1413,-27.61999999999989,1375.04,668.5
1479,38.38000000000011,1441.04,701.5
1439,-1.6199999999998909,1401.04,681.5
1400,-40.61999999999989,1362.04,662.0
1430,-10.61999999999989,1392.04,677.0
1458,17.38000000000011,1420.04,691.0
1531,90.38000000000011,1493.04,727.5
1434,-6.619999999999891,1396.04,679.0
1466,25.38000000000011,1428.04,695.0
1446,5.380000000000109,1408.04,685.0
1395,-45.61999999999989,1357.04,659.5
1421,-19.61999999999989,1383.04,672.5
1422,-18.61999999999989,1384.04,673.0
1442,1.3800000000001091,1404.04,683.0
1442,1.3800000000001091,1404.04,683.0
1463,22.38000000000011,1425.04,693.5
1434,-6.619999999999891,1396.04,679.0
1441,0.38000000000010914,1403.04,682.5
1478,37.38000000000011,1440.04,701.0
1489,48.38000000000011,1451.04,706.5
1474,33.38000000000011,1436.04,699.0
1415,-25.61999999999989,1377.04,669.5
1433,-7.619999999999891,1395.04,678.5
1395,-45.61999999999989,1357.04,659.5
1406,-34.61999999999989,1368.04,665.0
1473,32.38000000000011,1435.04,698.5
1473,32.38000000000011,1435.04,698.5
27,691.5
1460,19.38000000000011,1422.044499739827,692.0
1419,-21.61999999999989,1381.044499739827,671.5
1450,9.38000000000011,1412.044499739827,687.0
1403,-37.61999999999989,1365.044499739827,663.5
1418,-22.61999999999989,1380.044499739827,671.0
1500,59.38000000000011,1462.044499739827,712.0
1484,43.38000000000011,1446.044499739827,704.0
1422,-18.61999999999989,1384.044499739827,673.0
1450,9.38000000000011,1412.044499739827,687.0
1411,-29.61999999999989,1373.044499739827,667.5
1444,3.380000000000109,1406.044499739827,684.0
1446,5.380000000000109,1408.044499739827,685.0
1388,-52.61999999999989,1350.044499739827,656.0
1443,2.380000000000109,1405.044499739827,683.5
1413,-27.61999999999989,1375.044499739827,668.5
1479,38.38000000000011,1441.044499739827,701.5
1439,-1.6199999999998909,1401.044499739827,681.5
1400,-40.61999999999989,1362.044499739827,662.0
1430,-10.61999999999989,1392.044499739827,677.0
1458,17.38000000000011,1420.044499739827,691.0
1531,90.38000000000011,1493.044499739827,727.5
1434,-6.619999999999891,1396.044499739827,679.0
1466,25.38000000000011,1428.044499739827,695.0
1446,5.380000000000109,1408.044499739827,685.0
1395,-45.61999999999989,1357.044499739827,659.5
1421,-19.61999999999989,1383.044499739827,672.5
1422,-18.61999999999989,1384.044499739827,673.0
1442,1.3800000000001091,1404.044499739827,683.0
1442,1.3800000000001091,1404.044499739827,683.0
1463,22.38000000000011,1425.044499739827,693.5
1434,-6.619999999999891,1396.044499739827,679.0
1441,0.38000000000010914,1403.044499739827,682.5
1478,37.38000000000011,1440.044499739827,701.0
1489,48.38000000000011,1451.044499739827,706.5
1474,33.38000000000011,1436.044499739827,699.0
1415,-25.61999999999989,1377.044499739827,669.5
1433,-7.619999999999891,1395.044499739827,678.5
1395,-45.61999999999989,1357.044499739827,659.5
1406,-34.61999999999989,1368.044499739827,665.0
1473,32.38000000000011,1435.044499739827,698.5
1473,32.38000000000011,1435.044499739827,698.5
